11 0.35 0.25 0.4 0.4 0.4 0.25 0.25 0.25 0.4 0
12 0.35 0.25 0.4 0.4 0.4 0.25 0.25 0.35 0.4 0
13 0.35 0.4 0.25 0.35 0.25 0.25 0.25 0.35 0.25 0
14 0.5 0.2 0.3 0.4 0.25 0.2 0.2 0.5 0.3 0
15 0.35 0.4 0.25 0.25 0.3 0.4 0.3 0.3 0.25 0
16 0.4 0.3 0.3 0.3 0.5 0.3 0.3 0.3 0.3 0
17 0.25 0.2 0.2 0.2 0.2 0.2 0.2 0.2 0.2 0.25
21 0.25 0.2 0.2 0.2 0.2 0.2 0.2 0.2 0.2 0.6
22 0.1 0.1 0.1 0.1 0.1 0.1 0.1 0.1 0.1 0.6
23 0.1 0.1 0.1 0.1 0.1 0.1 0.1 0.1 0.1 0.6
24 0.1 0.1 0.1 0.1 0.1 0.1 0.1 0.1 0.1 0.6
25 0.1 0.1 0.1 0.1 0.1 0.1 0.1 0.1 0.1 0.6
26 0.1 0.1 0.1 0.1 0.1 0.1 0.1 0.1 0.1 0.6
27 0.25 0.25 0.5 0.25 0.2 0.2 0.2 0.25 0.5 0
28 0.3 0.4 0.3 0.3 0.2 0.2 0.2 0.3 0.4 0
29 0.35 0.25 0.4 0.3 0.2 0.2 0.2 0.35 0.4 0
31 0.3 0.25 0.45 0.45 0.2 0.2 0.2 0.45 0.45 0
32 0.25 0.25 0.5 0.5 0.2 0.2 0.2 0.25 0.25 0
33 0.35 0.25 0.4 0.4 0.2 0.2 0.2 0.35 0.25 0
34 0.25 0.25 0.5 0.5 0.2 0.2 0.2 0.5 0.25 0
35 0.4 0.3 0.3 0.4 0.2 0.2 0.2 0.4 0.3 0
41 0.3 0.25 0.45 0.45 0.2 0.2 0.2 0.45 0.25 0
51 0.35 0.4 0.25 0.25 0.2 0.2 0.2 0.25 0.35 0
52 0.35 0.4 0.25 0.25 0.2 0.2 0.2 0.25 0.25 0
53 0.35 0.4 0.25 0.25 0.4 0.2 0.2 0.25 0.25 0
54 0.35 0.4 0.25 0.25 0.2 0.2 0.2 0.25 0.25 0
61 0.45 0.3 0.25 0.35 0.2 0.2 0.2 0.45 0.25 0
71 0.35 0.4 0.25 0.25 0.2 0.2 0.2 0.25 0.35 0
72 0.35 0.4 0.25 0.25 0.2 0.2 0.2 0.25 0.35 0
73 0.35 0.4 0.25 0.25 0.2 0.2 0.2 0.25 0.35 0
75 0.35 0.4 0.25 0.25 0.2 0.2 0.2 0.25 0.35 0
76 0.35 0.4 0.25 0.25 0.2 0.2 0.2 0.25 0.35 0
81 0.35 0.25 0.4 0.4 0.25 0.25 0.25 0.35 0.25 0
91 0.3 0.35 0.35 0.3 0.5 0.35 0.35 0.2 0.35 0
101 0.3 0.35 0.35 0.3 0.4 0.35 64 0.3 0.4 0
102 0.3 0.35 0.35 0.3 0.35 0.35 0.5 0.2 0.35 0
103 0.35 0.4 0.25 0.3 0.35 0.4 0.4 0.25 0.5 0
104 0.3 0.5 0.2 0.3 0.25 0.5 0.3 0.2 0.2 0
105 0.3 0.5 0.2 0.3 0.25 0.5 0.4 0.2 0.2 0
106 0.3 0.35 0.35 0.35 0.35 0.35 0.35 0.2 0.5 0
111 0.3 0.5 0.2 0.2 0.2 0.4 0.2 0.2 0.2 0
112 0.3 0.5 0.2 0.2 0.2 0.4 0.2 0.2 0.2 0
113 0.3 0.5 0.2 0.3 0.2 0.4 0.2 0.2 0.2 0
121 0.3 0.5 0.2 0.3 0.2 0.4 0.2 0.2 0.2 0
122 0.3 0.5 0.2 0.3 0.2 0.4 0.2 0.2 0.2 0
123 0.3 0.5 0.2 0.3 0.2 0.4 0.2 0.2 0.2 0
124 0.3 0.5 0.2 0.3 0.2 0.4 0.2 0.2 0.2 0
125 0.3 0.5 0.2 0.3 0.2 0.4 0.2 0.2 0.2 0
126 0.3 0.5 0.2 0.3 0.2 0.4 0.2 0.2 0.2 0
131 0.3 0.5 0.2 0.25 0.2 0.5 0.2 0.2 0.2 0
132 0.3 0.5 0.2 0.25 0.2 0.5 0.5 0.2 0.2 0
133 0.3 0.5 0.2 0.25 0.2 0.5 0.2 0.2 0.2 0
134 0.3 0.5 0.2 0.25 0.2 0.5 0.2 0.2 0.2 0
135 0.3 0.5 0.2 0.25 0.2 0.5 0.2 0.2 0.2 0
136 0.3 0.5 0.2 0.25 0.2 0.5 0.5 0.2 0.2 0
141 0.3 0.5 0.2 0.25 0.2 0.5 0.2 0.2 0.2 0
142 0.3 0.5 0.2 0.25 0.2 0.5 0.2 0.2 0.2 0
143 0.3 0.5 0.2 0.25 0.2 0.5 0.5 0.2 0.2 0
144 0.3 0.5 0.2 0.25 0.2 0.5 0.2 0.2 0.2 0
145 0.3 0.5 0.2 0.25 0.2 0.5 0.2 0.2 0.2 0
161 0.3 0.5 0.2 0.25 0.3 0.2 0.5 0.2 0.2 0
162 0.35 0.35 0.3 0.3 0.5 0.5 0.5 0.25 0.3 0
163 0.35 0.35 0.3 0.3 0.5 0.5 0.5 0.25 0.3 0
171 0.3 0.5 0.2 0.25 0.2 0.5 0.2 0.2 0.2 0
172 0.3 0.5 0.2 0.25 0.2 0.5 0.2 0.2 0.2 0
173 0.3 0.5 0.2 0.25 0.2 0.5 0.2 0.2 0.2 0
174 0.3 0.5 0.2 0.25 0.2 0.5 0.2 0.2 0.2 0
175 0.3 0.5 0.2 0.25 0.2 0.5 0.2 0.2 0.2 0
176 0.3 0.5 0.2 0.25 0.2 0.5 0.2 0.2 0.2 0
181 0.3 0.5 0.2 0.3 0.2 0.5 0.5 0.2 0.2 0
182 0.3 0.5 0.2 0.25 0.2 0.5 0.5 0.2 0.2 0
183 0.3 0.5 0.2 0.25 0.5 0.5 0.5 0.2 0.2 0
184 0.3 0.5 0.2 0.25 0.5 0.5 0.5 0.2 0.2 0
185 0.3 0.5 0.2 0.25 0.5 0.5 0.5 0.2 0.2 0
186 0.3 0.5 0.2 0.3 0.2 0.5 0.5 0.2 0.2 0
187 0.3 0.5 0.2 0.25 0.5 0.5 0.5 0.2 0.2 0
191 0.1 0.1 0.1 0.1 0.1 0.1 0.1 0.1 0.1 0.6
192 0.3 0.5 0.2 0.25 0.2 0.5 0.2 0.2 0.2 0
193 0.3 0.5 0.2 0.25 0.2 0.5 0.2 0.2 0.2 0
194 0.3 0.5 0.2 0.25 0.2 0.5 0.2 0.2 0.2 0
201 0.4 0.3 0.3 0.35 0.5 0.3 0.5 0.3 0.3 0
202 0.4 0.3 0.3 0.35 0.5 0.3 0.5 0.3 0.3 0
203 0.4 0.3 0.3 0.35 0.5 0.3 0.5 0.3 0.3 0
204 0.4 0.3 0.3 0.35 0.5 0.5 0.5 0.3 0.3 0
205 0.35 0.4 0.25 0.35 0.5 0.5 0.3 0.25 0.25 0
206 0.35 0.4 0.25 0.35 0.5 0.4 0.4 0.25 0.25 0
207 0.4 0.3 0.3 0.35 0.5 0.5 0.5 0.3 0.3 0
208 0.3 0.4 0.3 0.35 0.5 0.5 0.3 0.25 0.3 0
211 0.35 0.4 0.25 0.3 0.5 0.5 0.3 0.25 0.25 0
221 0.35 0.4 0.25 0.25 0.5 0.5 0.35 0.25 0.25 0
222 0.35 0.4 0.25 0.25 0.5 0.5 0.35 0.25 0.25 0
223 0.35 0.4 0.25 0.25 0.5 0.5 0.35 0.25 0.25 0
224 0.35 0.4 0.25 0.25 0.5 0.5 0.35 0.25 0.25 0
225 0.35 0.4 0.25 0.25 0.5 0.5 0.35 0.25 0.25 0
226 0.35 0.4 0.25 0.25 0.5 0.5 0.5 0.25 0.25 0
227 0.35 0.4 0.25 0.25 0.5 0.5 0.35 0.25 0.25 0
228 0.35 0.4 0.25 0.25 0.5 0.5 0.35 0.25 0.25 0
229 0.35 0.4 0.25 0.25 0.5 0.5 0.35 0.25 0.25 0
231 0.35 0.4 0.25 0.25 0.25 0.25 0.25 0.25 0.25 0
232 0.35 0.4 0.25 0.25 0.25 0.25 0.25 0.25 0.25 0
241 0.4 0.3 0.3 0.5 0.3 0.25 0.3 0.3 0.3 0
242 0.4 0.3 0.3 0.5 0.35 0.25 0.25 0.3 0.3 0
256 0.3 0.5 0.2 0.25 0.2 0.5 0.2 0.2 0.2 0
257 0.3 0.5 0.2 0.3 0.2 0.4 0.2 0.2 0.2 0
261 0.35 0.4 0.25 0.25 0.3 0.35 0.35 0.25 0.25 0
262 0.35 0.3 0.35 0.35 0.3 0.25 0.25 0.25 0.35 0
263 0.35 0.4 0.25 0.25 0.35 0.35 0.35 0.25 0.25 0
271 0.3 0.5 0.2 0.5 0.2 0.5 0.2 0.2 0.2 0
272 0.3 0.5 0.2 0.5 0.2 0.5 0.2 0.2 0.2 0
273 0.3 0.5 0.2 0.5 0.2 0.5 0.2 0.2 0.2 0
274 0.3 0.5 0.2 0.5 0.2 0.5 0.2 0.2 0.2 0
275 0.3 0.5 0.2 0.5 0.2 0.5 0.2 0.2 0.2 0
281 0.3 0.4 0.3 0.5 0.2 0.2 0.2 0.2 0.3 0
291 0.4 0.3 0.3 0.5 0.2 0.2 0.2 0.3 0.3 0
292 0.3 0.4 0.3 0.5 0.2 0.2 0.2 0.2 0.3 0
293 0.4 0.2 0.4 0.5 0.2 0.2 0.2 0.3 0.4 0